0.5923952572 0.9980500723
0.5721340509 0.9754431653
0.5623167625 0.9541810270
0.5591022398 0.9350660298
0.5570300226 0.9228209538
0.5545737436 0.9297346634
0.5512142680 0.9512544074
0.5509544369 0.9678259597
0.5518050435 0.9874833829
0.5498922355 0.9918690191
0.5483025209 0.9933372863
0.5464169770 0.9911504820
0.5418676966 0.9811451940
0.5381057082 0.9538518083
0.5382437859 0.9381192800
0.5415806361 0.9203061752
0.5455496459 0.9054151871
0.5478225105 0.8969421068
0.5434233549 0.8953713865
0.5293692858 0.9050753181
0.5227871278 0.9131477398
0.5136415151 0.9322941375
0.5084637555 0.9534141769
0.5051963011 0.9642830267
0.5030305787 0.9640359732
0.4993199826 0.9628062738
0.4978187951 0.9586236563
0.5006872056 0.9302373570
0.5089788652 0.9054849563
0.5161449092 0.8941769313
0.5339161191 0.8746052550
0.5468952576 0.8630254717
0.5639670414 0.8468005427
0.5866685801 0.8277994743
0.6115528406 0.8096124277
0.6416489903 0.7832862657
0.6576145196 0.7664736486
0.6649710395 0.7551702422
0.6683938484 0.7454997729
0.6692924138 0.7410743253
0.6592507830 0.7425713027
0.6501747543 0.7466317671
0.6397160683 0.7562811916
0.6292002581 0.7649138701
0.6179308945 0.7705092470
0.6064047184 0.7750083052
0.5923188099 0.7830846969
0.5844993420 0.7890835360
0.5793544775 0.7870430372
0.5805256681 0.7690530924
0.5835428390 0.7483168809
0.5883257500 0.7319500774
0.5960719270 0.7190925339
0.6182637913 0.6983404856
0.6356616215 0.6965730443
0.6436026618 0.6948609334
0.6473810266 0.6936734473
0.6492882013 0.6909386309
0.6502597808 0.6874184152
0.6512454412 0.6838043270
0.6485419156 0.6745391193
0.6437484390 0.6604811730
0.6364071030 0.6362070680
0.6267853147 0.6089606484
0.6070212648 0.5992374518
0.5669714771 0.5968237081
0.5502760810 0.5983461247
0.5365599668 0.6000283592
0.5225268569 0.6006483609
0.5088869003 0.5991040028
0.4904444226 0.5950088670
0.4729934516 0.5920362148
0.4626440174 0.5905029653
0.4455991330 0.5913149617
0.4055198218 0.5940774574
0.3257557327 0.5954973885
0.2632735379 0.5928428023
0.2158600496 0.5897379889
0.1892132177 0.5895485957
0.1670495453 0.5897493888
0.1530113193 0.5893107855
0.1433315084 0.5885785807
0.1355588721 0.5856098654
0.1219324331 0.5797358539
0.1031806418 0.5685429014
0.0901988099 0.5608840463
0.0819534910 0.5574503645
0.0679848113 0.5515412178
0.0577292495 0.5471151332
0.0481495692 0.5382598350
0.0347176644 0.5246088234
0.0193823664 0.5063932779
0.0124193797 0.4972172489
0.0082506620 0.4852172247
0.0061881698 0.4695323525
0.0029634488 0.4427586810
0.0010114213 0.4240615522
0.0000000000 0.4147154689
0.0004241078 0.4121917676
0.0018411171 0.4128277403
0.0034297036 0.4153099209
0.0121845097 0.4214849890
0.0204540765 0.4265109784
0.0265284043 0.4325133373
0.0311164188 0.4404479035
0.0357044332 0.4483824697
0.0378548939 0.4506095929
0.0380424510 0.4479037867
0.0387792321 0.4452774777
0.0418356702 0.4488369349
0.0495584377 0.4611858854
0.0553081234 0.4707139359
0.0570048674 0.4651519951
0.0586223728 0.4462179377
0.0681992485 0.4021161451
0.0752429053 0.3777567061
0.0783835285 0.3661275449
0.0801647577 0.3593264881
0.0795170380 0.3536589408
0.0765085534 0.3372410083
0.0674847517 0.3148340205
0.0607771447 0.3056643500
0.0483376250 0.2956603950
0.0221190310 0.2830470023
0.0114934750 0.2750315298
0.0074981181 0.2695437775
0.0061846865 0.2595401068
0.0074261493 0.2368699176
0.0099542092 0.1900324744
0.0121361979 0.1499909938
0.0135935672 0.1230026734
0.0120822213 0.1076193307
0.0100535551 0.0860973120
0.0083617444 0.0657279815
0.0077680013 0.0575235320
0.0085056821 0.0525216966
0.0108765474 0.0469217375
0.0165358808 0.0465663522
0.0206246564 0.0525887879
0.0226488165 0.0503327622
0.0264108372 0.0320930081
0.0274686924 0.0264977638
0.0293703918 0.0199855162
0.0308817377 0.0151276185
0.0374668879 0.0128605996
0.0479677840 0.0094599279
0.0610471564 0.0079073075
0.0707432125 0.0083272890
0.0760046450 0.0100100072
0.0788114303 0.0114509488
0.0787019125 0.0136413052
0.0789114207 0.0170676823
0.0820161751 0.0184231797
0.0843211180 0.0212852587
0.0853214825 0.0238436726
0.0833478149 0.0275844885
0.0778961742 0.0331980592
0.0707588214 0.0401878453
0.0684758792 0.0412528991
0.0614412403 0.0441078366
0.0477076397 0.0578983556
0.0430433383 0.0761537252
0.0401443737 0.1461189228
0.0397143794 0.1927350469
0.0417037807 0.2212739263
0.0460886739 0.2293367321
0.0521331617 0.2337308139
0.0644733620 0.2385809965
0.0929241108 0.2528572691
0.1066054890 0.2595088160
0.1029729312 0.2513235174
0.0947616735 0.2347039867
0.0886722673 0.2254246318
0.0861482332 0.2192218737
0.0888915276 0.2108541629
0.1133107177 0.1809168320
0.1514776787 0.1318134213
0.1780270724 0.0895833506
0.1859488245 0.0665848791
0.1904945537 0.0578127142
0.1945644788 0.0605684147
0.1954174023 0.0668638377
0.1954713790 0.0698865296
0.1969287483 0.0681592771
0.1993148494 0.0645594958
0.2029003020 0.0551226410
0.2069943277 0.0458544686
0.2121273569 0.0394247081
0.2209895302 0.0347693270
0.2322420758 0.0320636892
0.2421056322 0.0309998801
0.2484568836 0.0309279112
0.2522892251 0.0323313039
0.2610424314 0.0382872366
0.2583240774 0.0425106490
0.2590699428 0.0436804793
0.2628849147 0.0463910891
0.2636963937 0.0503161523
0.2569129449 0.0564264313
0.2452775998 0.0634583354
0.2415969507 0.0647422885
0.2392515000 0.0661113525
0.2333191933 0.0693314503
0.2189760026 0.0802837130
0.2131806098 0.0930589205
0.2038485236 0.1057087403
0.1834083432 0.1314121695
0.1580035918 0.1647530145
0.1452496348 0.1840979727
0.1386001931 0.2041997266
0.1402086859 0.2162555344
0.1413601876 0.2198571062
0.1462720619 0.2233116112
0.1694397286 0.2400731430
0.2035531978 0.2665052642
0.2204316738 0.2826939149
0.2366190584 0.3025603551
0.2470547312 0.3211674472
0.2520242796 0.3304590671
0.2542258632 0.3300626352
0.2631357684 0.3273033713
0.3186007019 0.3174750347
0.3362029703 0.3160235758
0.3663705316 0.3155782279
0.3946751055 0.3174219955
0.4288819758 0.3203990124
0.4609665242 0.3232487379
0.4796557141 0.3250933584
0.4866842941 0.3257714106
0.4854243146 0.3172756791
0.4773172336 0.2761172453
0.4661491698 0.2006180666
0.4563892594 0.1204870108
0.4473215068 0.0868909169
0.4468930078 0.0777092312
0.4493490151 0.0678161388
0.4529105891 0.0769768236
0.4549422348 0.0816204068
0.4558237165 0.0801608514
0.4561910384 0.0718272161
0.4574774653 0.0646386800
0.4567608080 0.0576003803
0.4530163989 0.0417978229
0.4547502042 0.0279143220
0.4678636456 0.0212890887
0.4852237324 0.0180175223
0.4985594305 0.0185701933
0.5044680914 0.0202906016
0.5064753910 0.0240528976
0.5045478830 0.0277456362
0.5039111151 0.0294681951
0.5072036902 0.0296841016
0.5139035299 0.0313380611
0.5056009653 0.0415079586
0.4985514400 0.0492355362
0.4958850308 0.0523301268
0.4940950358 0.0533475883
0.4906226106 0.0566775638
0.4852843915 0.0673817800
0.4849061937 0.0814277102
0.4855371536 0.1043064166
0.4860229434 0.1199596424
0.4882031303 0.1367424664
0.4918172184 0.1547033892
0.4953796767 0.1724077275
0.5003815121 0.1862977164
0.5070767864 0.2004169496
0.5191475670 0.2277098860
0.5275875615 0.2479807384
0.5306718822 0.2518438016
0.5403850057 0.2349591257
0.5493109460 0.2191123850
0.5562301255 0.2033504236
0.5615738130 0.1861318751
0.5716133872 0.1562848384
0.5780625034 0.1402642467
0.5822914559 0.1287132455
0.5848823346 0.1098214212
0.5885367259 0.0811668778
0.5902687340 0.0565281910
0.5930581530 0.0427303144
0.5974627370 0.0419729794
0.5991501889 0.0476706079
0.6004443490 0.0504099602
0.6031257978 0.0467039954
0.6070518709 0.0401250614
0.6100745628 0.0349972806
0.6094268431 0.0301393829
0.6085405166 0.0225843141
0.6095436354 0.0149743637
0.6110928676 0.0094719687
0.6225023762 0.0016479341
0.6497242289 0.0000000000
0.6570067534 0.0006302751
0.6585985323 0.0014220701
0.6601684213 0.0041388674
0.6594685925 0.0069262481
0.6580558852 0.0086926642
0.6580809179 0.0093740215
0.6595922638 0.0091041383
0.6625034885 0.0095390983
0.6646191318 0.0111959287
0.6652089635 0.0130311345
0.6590016498 0.0192384482
0.6505045894 0.0275100590
0.6438894909 0.0324932827
0.6350145773 0.0394086487
0.6318498618 0.0470635837
0.6268029541 0.0659046250
0.6178861048 0.0912661057
0.6100566250 0.1140458584
0.6007879758 0.1543144940
0.5978711483 0.1754930010
0.5958838472 0.1938935029
0.5891081712 0.2470516355
0.5846520393 0.3188664292
0.5856056608 0.3271868906
0.5897135081 0.3297783037
0.6034234183 0.3348918690
0.6179614985 0.3418771895
0.6323252030 0.3513817762
0.6436323880 0.3595314429
0.6504334448 0.3646052472
0.6574785698 0.3747481620
0.6776866166 0.4052918238
0.7065284733 0.4438116652
0.7175397080 0.4573058254
0.7270051770 0.4715728686
0.7353222733 0.4866925862
0.7434727461 0.5016441157
0.7478088695 0.5126733427
0.7509549743 0.5245808244
0.7541593289 0.5442847233
0.7561363250 0.5660142602
0.7573406644 0.5774257461
0.7580367202 0.5838215570
0.7581770782 0.5859266848
0.7600553089 0.5873551101
0.7641035569 0.5882187364
0.7764803791 0.5934497530
0.7813900721 0.5977365918
0.7839688983 0.5979229216
0.7895828792 0.6090332737
0.7902251221 0.6196362705
0.7897933089 0.6246138555
0.7873839168 0.6287207738
0.7837795163 0.6360555291
0.7829980749 0.6488312530
0.7864294671 0.6649199624
0.7897556254 0.6732047685
0.7911885944 0.6788652992
0.7922652826 0.6812306582
0.7940816344 0.6802071963
0.7979591586 0.6774629291
0.7992963819 0.6809245140
0.7981851540 0.6841139829
0.7955790898 0.6868640603
0.7950681664 0.6937415635
0.7957043280 0.6975585334
0.7996294368 0.7002204628
0.8014720572 0.7034905962
0.7984452469 0.7036087565
0.7919737994 0.7041775570
0.7917242658 0.7064004650
0.7994621681 0.7077496166
0.8055075519 0.7084513129
0.8107800527 0.7110554903
0.8170317105 0.7166867014
0.8315251025 0.7367838403
0.8397698815 0.7550170543
0.8452931570 0.7651852410
0.8492181388 0.7763240249
0.8483239794 0.7791195563
0.8445462694 0.7808858213
0.8390955139 0.7799332362
0.8290022863 0.7750670208
0.8152786084 0.7675017045
0.8042340160 0.7632907978
0.7855703294 0.7558562064
0.7767984067 0.7499402530
0.7745864076 0.7490306161
0.7912648010 0.7795471683
0.8112753236 0.8072791843
0.8360239010 0.8285910926
0.8463203559 0.8368802228
0.8567826954 0.8456139498
0.8756366623 0.8615612817
0.9026929663 0.8924664657
0.9110309386 0.9076802498
0.9198992833 0.9476879177
0.9174285079 0.9869418360
0.9157524685 0.9891526652
0.9128226408 0.9885615289
0.9081287952 0.9840770150
0.9049234409 0.9655154414
0.8993702576 0.9299057847
0.8912603684 0.9115331636
0.8875147220 0.9086985685
0.8849720540 0.9081785271
0.8840252569 0.9088582171
0.8822526101 0.9156201354
0.8780383542 0.9427743422
0.8767911378 0.9720927839
0.8763593246 0.9870982900
0.8746320721 0.9888255426
0.8729048196 0.9905527951
0.8712213742 0.9918169436
0.8700878648 0.9893340182
0.8673141419 0.9801413356
0.8641817153 0.9567169803
0.8655168744 0.9236011182
0.8676368941 0.8928216721
0.8554136535 0.8748028947
0.8400723478 0.8633520526
0.8356182674 0.8865357446
0.8318384860 0.9107258996
0.8289537530 0.9254554016
0.8138087388 0.9684585320
0.8057319839 0.9831915872
0.8027753188 0.9839606983
0.8005217562 0.9823806671
0.8000868214 0.9741868241
0.8073015711 0.9519778606
0.8146907386 0.9176722242
0.8205468653 0.8718635149
0.8194113173 0.8539741376
0.8105566814 0.8393936435
0.7853463972 0.8109808310
0.7739662934 0.7948321250
0.7713786694 0.7908267074
0.7694548124 0.7921297413
0.7598543587 0.8057748713
0.7497874874 0.8336075929
0.7505330937 0.8474704784
0.7530704186 0.8592612653
0.7539457789 0.8648842232
0.7529053596 0.8680602401
0.7508119108 0.8728421311
0.7463685231 0.8740583634
0.7421693726 0.8714172054
0.7377037289 0.8651801072
0.7342430954 0.8494201988
0.7336732478 0.8246990052
0.7360098642 0.8139439922
0.7456394078 0.7949783146
0.7539293087 0.7767464353
0.7523527428 0.7701694572
0.7502432943 0.7622284749
0.7482039160 0.7570561046
0.7451921759 0.7571656225
0.7404836067 0.7569881510
0.7365286806 0.7555468056
0.7308430619 0.7557912226
0.7212312503 0.7569247058
0.7102446769 0.7572088181
0.7050421600 0.7588318579
0.7014371627 0.7602964817
0.6977779993 0.7602587187
0.6950165856 0.7607374680
0.6908603843 0.7657033190
0.6846485941 0.7734643971
0.6797630998 0.7808644969
0.6775179845 0.7847523796
0.6775437994 0.7889226618
0.6785262480 0.7949642510
0.6822811924 0.8044539436
0.6941489592 0.8352939759
0.6940034143 0.8567323043
0.6926040645 0.8648294643
0.6882867698 0.8727582011
0.6855783591 0.8735103638
0.6834328293 0.8703026018
0.6823393165 0.8648500165
0.6784260712 0.8339917238
0.6612467652 0.8027485046
0.6591111677 0.8003391125
0.6551474048 0.8031177361
0.6432229374 0.8135855970
0.6083724280 0.8376737255
0.5963777896 0.8459405695
0.5838039576 0.8580643578
0.5777668053 0.8666286857
0.5758227880 0.8735017851
0.5771950978 0.8818578404
0.5808065043 0.8875973259
0.5868311395 0.8916576215
0.5970000724 0.8950531985
0.6114741419 0.8993792570
0.6444075200 0.9194230719
0.6530077125 0.9317708150
0.6528565635 0.9357388250
0.6501887357 0.9368379405
0.6456810021 0.9371781092
0.6387946554 0.9345870781
0.6334644405 0.9314788818
0.6181072495 0.9198606851
0.6030487767 0.9137836523
0.5837748203 0.9107080245
0.5778425338 0.9111037165
0.5744527234 0.9179172023
0.5760545919 0.9380839408
0.5918971663 0.9738760078
0.6036438064 0.9908220024
0.6044851044 0.9963587463
0.6040463714 0.9989972324
0.6019198382 0.9995564542
0.5974644735 1.0000000000
0.5923952572 0.9980500723
